1	27
1	37
1	45
1	61
1	196
1	280
1	297
1	309
1	379
1	400
1	408
1	453
1	458
1	501
1	504
2	35
2	71
2	107
2	164
2	174
2	230
3	26
3	29
3	47
3	65
3	119
3	155
3	157
3	180
3	187
3	204
3	236
3	275
3	307
3	393
3	431
3	471
4	66
4	121
4	170
4	173
4	183
4	214
4	253
4	258
4	259
4	317
4	329
4	345
4	500
5	8
5	108
5	177
5	199
5	207
5	371
5	410
6	48
6	145
6	184
6	251
6	383
6	491
7	68
7	85
7	91
7	138
7	148
7	174
7	177
7	491
8	57
8	109
8	122
8	124
8	137
8	177
8	191
8	302
9	54
9	147
9	291
9	298
10	14
10	103
10	178
10	220
10	248
10	327
11	46
11	53
12	84
12	141
12	180
12	187
12	211
12	218
12	253
12	257
12	295
12	312
12	334
12	350
12	364
12	368
12	414
12	420
12	474
12	506
13	83
13	93
13	97
13	410
14	24
14	103
14	178
14	181
14	327
15	73
15	128
15	143
15	221
15	282
15	306
15	314
15	319
15	338
15	404
15	440
15	461
15	466
15	467
15	474
16	30
16	49
16	192
16	222
16	227
16	276
16	282
16	305
16	317
16	333
16	403
16	440
16	470
17	63
17	92
17	116
17	140
17	223
17	353
17	473
18	69
18	119
18	221
18	275
18	342
18	394
18	424
18	428
18	439
18	458
19	100
19	144
19	233
19	267
19	282
19	290
19	394
19	428
20	23
20	142
20	185
20	271
20	272
20	293
20	296
20	347
20	372
20	439
20	450
20	467
21	39
21	43
21	96
21	114
21	120
21	193
21	197
21	250
21	370
21	381
21	406
21	425
21	438
21	479
22	50
22	76
22	112
22	186
22	370
22	426
23	142
23	185
23	274
23	293
23	317
23	331
23	416
23	436
23	439
23	440
23	455
24	103
24	178
24	284
25	52
25	82
25	265
25	275
25	350
25	361
25	365
25	409
25	420
25	439
26	27
26	115
26	127
26	187
26	204
26	240
26	364
26	369
26	370
26	380
26	393
26	427
26	442
26	452
26	458
26	490
26	495
27	127
27	155
27	172
27	240
27	249
27	304
27	361
27	370
27	381
27	496
28	34
28	123
28	151
28	176
28	180
28	206
28	217
28	219
28	258
28	259
28	291
28	307
28	359
28	477
29	58
29	137
29	142
29	182
29	261
29	272
29	332
29	346
29	391
29	431
29	471
29	499
30	49
30	207
30	253
30	298
30	313
30	315
30	333
30	390
30	420
30	424
30	452
31	44
31	96
31	198
31	234
31	274
31	285
31	299
31	318
31	321
31	362
31	375
31	385
31	386
31	454
31	469
31	490
32	51
32	60
32	142
32	177
32	191
32	201
32	400
32	455
32	466
32	498
33	132
33	153
33	209
33	283
33	377
33	395
33	491
34	37
34	52
34	79
34	145
34	170
34	206
34	247
34	273
34	324
34	414
34	425
34	500
35	119
35	133
35	155
35	157
35	170
35	200
35	225
35	240
35	256
35	327
35	331
35	358
35	383
35	469
35	482
35	487
35	491
35	493
36	107
36	115
36	139
36	143
36	148
36	167
36	349
36	483
37	45
37	98
37	114
37	115
37	185
37	203
37	297
37	299
37	302
37	337
37	361
37	414
37	458
37	466
37	479
38	66
38	99
38	117
38	165
38	238
38	249
38	280
38	292
38	466
38	477
39	55
39	104
39	114
39	224
39	294
39	315
39	343
39	356
39	376
39	395
39	438
39	461
39	469
39	490
40	58
40	93
40	134
40	136
40	249
40	328
40	497
41	53
41	154
41	256
41	267
41	309
41	357
42	43
42	75
42	89
42	121
42	151
42	152
42	199
42	259
42	273
42	359
42	408
43	45
43	77
43	152
43	163
43	176
43	188
43	242
43	260
43	389
44	78
44	168
44	271
44	277
44	341
44	351
45	115
45	197
45	199
45	255
45	259
45	336
45	357
45	367
45	377
45	389
45	406
45	500
46	56
46	206
46	275
47	157
47	213
47	229
47	257
47	304
47	313
47	329
47	364
47	379
47	417
47	418
47	445
47	462
47	476
47	487
48	86
48	92
48	145
48	172
48	190
48	208
48	245
48	249
48	280
48	388
49	81
49	94
49	117
49	130
49	282
49	403
50	76
50	78
50	90
50	133
50	202
50	229
50	412
50	426
50	443
50	462
51	52
51	77
51	143
51	249
51	254
51	297
51	324
51	326
51	339
51	358
51	367
51	380
51	388
51	405
51	412
51	447
52	77
52	98
52	197
52	199
52	240
52	244
52	336
52	343
52	369
52	437
52	464
52	472
52	504
53	81
53	91
53	167
53	186
53	187
53	214
53	266
54	218
54	250
54	339
54	369
55	58
55	59
55	98
55	218
55	236
55	299
55	343
55	352
55	376
55	381
55	446
55	461
56	61
56	101
56	133
56	146
56	176
56	457
56	477
57	80
57	99
57	122
57	151
57	191
58	142
58	218
58	272
58	358
58	374
58	376
58	430
58	451
58	472
59	76
59	92
59	115
59	117
59	146
59	180
59	184
59	201
59	307
59	347
59	381
59	400
59	449
59	457
59	491
60	89
60	104
60	148
60	160
60	165
60	167
60	179
60	255
60	276
60	287
60	292
61	72
61	118
61	146
61	170
61	180
61	425
61	457
61	473
61	477
62	68
62	118
62	120
62	219
62	320
62	335
62	424
62	471
63	72
63	101
63	121
63	126
63	133
63	151
63	217
63	242
63	437
63	473
64	68
64	70
64	128
64	144
64	145
64	419
65	68
65	70
65	90
65	147
65	161
65	171
65	184
65	224
65	262
65	279
65	288
65	301
65	424
65	433
65	442
65	452
66	75
66	121
66	126
66	151
66	152
66	199
66	217
66	238
66	255
66	261
66	307
66	326
66	449
66	451
67	102
67	166
67	174
67	233
67	267
67	386
68	206
68	279
68	403
69	80
69	106
69	188
69	234
69	252
69	264
69	274
69	318
69	329
69	414
69	436
69	493
70	72
70	142
70	145
70	161
70	165
70	301
71	100
71	102
71	105
71	164
71	350
71	356
71	386
71	501
71	504
72	129
72	165
72	190
72	237
72	311
72	353
72	377
72	453
72	473
72	478
73	76
73	128
73	143
73	293
73	309
73	322
73	374
73	387
73	429
73	432
73	435
73	477
73	480
73	495
74	80
74	173
74	188
74	202
74	252
74	322
74	342
74	347
74	386
74	392
74	412
74	428
74	476
75	113
75	126
75	129
75	152
75	165
75	241
75	255
75	261
75	273
75	280
75	292
75	311
75	438
75	453
75	473
76	90
76	96
76	161
76	180
76	186
76	192
76	209
76	295
76	351
76	446
76	480
77	115
77	143
77	155
77	163
77	230
77	249
77	274
77	307
77	344
77	361
77	483
77	487
78	96
78	158
78	202
78	216
78	271
78	277
78	302
78	323
78	417
78	454
78	502
79	104
79	114
79	290
79	343
79	365
80	118
80	237
80	244
80	297
80	322
80	352
80	354
80	355
80	412
80	423
80	439
80	442
80	475
81	91
81	94
81	153
81	227
82	106
82	118
82	198
82	232
82	244
82	265
82	285
82	376
82	387
82	392
82	394
82	412
82	416
83	99
83	135
83	136
83	268
83	358
84	207
84	226
84	235
84	241
84	311
84	316
84	331
84	352
84	355
84	358
84	363
84	369
84	422
84	431
84	464
84	482
84	483
85	87
85	107
85	138
85	154
85	174
85	267
86	98
86	122
86	126
86	171
86	179
86	238
86	245
86	249
86	254
86	374
87	107
87	154
87	167
88	132
88	222
88	283
88	323
88	332
88	338
88	360
88	413
88	498
89	90
89	109
89	157
89	179
89	200
89	229
89	241
89	276
89	409
89	453
89	494
90	130
90	303
90	326
90	330
90	364
90	387
90	397
90	437
90	476
90	488
90	503
91	110
91	174
91	183
91	195
91	233
91	267
91	290
92	119
92	126
92	146
92	147
92	160
92	230
92	383
92	397
92	419
93	99
93	135
93	191
93	268
94	117
94	130
94	260
94	294
94	449
94	477
95	106
95	202
95	281
95	306
95	362
95	374
95	402
95	418
95	423
95	458
95	488
96	112
96	134
96	158
96	168
96	264
96	277
96	362
96	373
96	386
96	391
96	454
97	135
97	149
97	158
97	216
97	235
97	373
97	417
97	502
98	117
98	143
98	176
98	199
98	212
98	238
98	241
98	261
98	288
98	344
98	367
98	404
98	425
98	447
98	472
98	491
99	108
99	127
99	324
99	328
100	102
100	164
100	174
101	116
101	118
101	214
101	223
101	228
101	242
101	473
102	164
102	296
103	125
103	150
103	156
103	181
104	114
104	147
104	153
104	154
104	167
104	233
104	469
105	163
105	232
105	252
105	327
105	330
105	399
105	435
105	447
105	489
106	114
106	168
106	173
106	202
106	221
106	242
106	295
106	306
106	322
106	331
106	400
106	458
106	462
106	507
107	130
107	148
107	164
107	184
107	199
107	280
107	294
108	109
108	307
108	309
108	311
108	496
108	506
109	124
109	128
109	177
109	185
109	191
109	221
109	257
109	299
109	306
109	312
109	316
109	331
109	341
109	348
109	392
109	402
109	463
110	159
110	166
110	170
111	220
111	248
111	269
111	297
111	303
111	325
111	413
112	134
112	136
112	149
112	158
112	243
112	271
112	302
112	305
112	373
112	454
112	475
112	494
113	118
113	133
113	155
113	176
113	261
113	274
113	280
113	328
113	330
113	337
113	344
113	398
113	409
113	453
114	194
114	202
114	264
114	315
114	331
114	361
114	362
114	399
114	402
114	481
115	143
115	188
115	204
115	322
115	324
115	329
115	352
115	389
115	441
115	465
115	479
115	499
115	505
116	133
116	140
116	186
116	214
116	223
116	239
116	353
116	473
116	505
117	118
117	126
117	130
117	238
117	242
117	278
117	307
117	311
117	350
117	409
117	417
117	437
117	440
117	451
117	476
117	487
118	170
118	224
118	238
118	244
118	320
118	431
118	439
118	449
118	477
119	171
119	240
119	245
119	388
119	394
119	428
119	501
120	147
120	193
120	288
120	291
120	333
120	334
120	336
120	341
120	465
121	126
121	151
121	152
121	159
121	176
121	183
121	437
122	137
122	146
122	182
122	196
122	365
122	396
123	126
123	258
123	293
123	294
123	322
123	362
123	375
123	394
123	430
123	439
123	467
124	163
124	194
124	196
124	274
124	332
124	358
124	369
124	371
124	392
124	416
124	444
124	455
124	486
125	150
125	181
125	292
125	387
126	128
126	172
126	184
126	190
126	259
126	279
126	280
126	314
126	359
126	473
126	491
127	165
127	171
127	172
127	199
127	240
127	309
128	205
128	255
128	314
128	332
128	419
128	444
128	480
129	152
129	155
129	225
129	236
129	261
129	281
129	307
129	353
129	422
129	471
129	489
129	490
130	227
130	231
130	282
130	283
130	294
131	158
131	187
131	234
131	252
131	332
131	362
131	399
131	445
132	258
132	296
132	348
132	413
132	481
132	491
133	140
133	146
133	155
133	239
133	449
133	473
134	136
134	149
134	158
134	168
134	252
134	271
134	317
134	351
135	136
135	484
135	488
136	249
136	337
136	484
136	497
137	191
137	304
137	416
137	452
138	148
138	154
138	164
138	256
139	144
139	148
139	167
139	199
139	213
139	316
139	330
139	356
139	432
139	492
140	223
140	239
140	353
140	397
140	419
140	505
141	173
141	187
141	188
141	207
141	272
141	321
141	329
141	333
141	334
141	404
141	412
141	438
141	461
141	462
141	471
142	182
142	185
142	332
142	347
142	372
142	488
143	172
143	204
143	241
143	287
143	311
143	334
143	344
143	355
143	458
143	467
143	482
144	145
144	165
144	247
144	254
144	389
144	475
145	157
145	165
145	261
146	242
148	253
148	477
148	507
149	158
149	209
149	234
149	268
149	318
149	454
149	502
150	156
150	169
150	175
150	181
151	190
151	199
151	217
151	294
151	449
151	477
152	180
152	217
152	259
152	273
152	278
152	407
152	503
153	167
153	256
154	166
154	174
154	195
154	256
154	267
155	184
155	287
155	304
155	324
155	331
155	411
155	419
155	442
155	447
155	449
155	487
155	489
156	181
156	262
156	286
156	426
157	162
157	172
157	180
157	200
157	210
157	212
157	478
158	216
158	234
158	268
158	305
158	370
158	373
158	406
158	417
159	217
159	247
159	259
159	437
160	178
160	184
160	230
160	262
160	284
160	324
160	327
160	447
160	492
161	171
161	205
161	285
161	292
161	301
161	468
162	197
162	200
162	210
162	246
162	251
162	348
162	418
162	472
162	478
163	308
163	354
163	396
163	435
163	436
163	440
163	449
163	457
163	481
163	507
164	167
164	233
164	357
164	491
165	171
166	233
167	233
168	203
168	271
168	312
168	323
168	340
168	351
168	362
168	454
169	175
169	182
170	200
170	334
170	346
170	365
170	415
170	446
171	172
171	184
171	251
171	255
171	378
172	179
172	208
172	251
172	261
172	280
172	304
172	382
172	393
172	478
173	197
173	225
173	321
173	322
173	362
173	375
174	195
174	256
175	181
175	498
176	188
176	238
176	242
176	255
176	300
176	437
176	451
176	477
177	199
177	296
177	306
177	350
177	356
177	402
177	409
178	181
178	270
179	204
179	230
179	235
179	245
179	276
179	287
179	357
179	381
179	386
179	413
179	425
179	482
179	499
179	501
180	213
180	237
180	248
180	261
180	353
180	419
180	423
180	449
180	491
181	220
182	201
182	265
182	288
182	338
182	345
182	346
182	356
182	471
182	498
183	247
183	253
183	300
183	343
184	208
184	252
184	280
184	292
184	301
184	449
185	218
185	352
185	363
185	372
185	416
185	446
186	187
186	188
186	315
186	354
186	370
186	386
186	460
186	480
186	503
186	505
187	204
187	211
187	244
187	258
187	278
187	287
187	309
187	329
187	354
187	380
187	410
187	434
187	463
187	474
187	489
187	490
187	501
187	503
188	238
188	280
188	282
188	329
188	369
188	415
188	439
188	461
188	467
188	479
189	213
189	216
189	234
189	314
189	349
189	373
189	376
189	427
189	434
189	443
189	445
189	474
189	502
190	239
190	296
190	310
190	387
190	414
190	450
190	473
190	477
191	201
191	243
191	302
191	332
192	222
192	227
192	260
192	403
192	413
192	481
193	206
193	219
193	288
193	367
193	389
193	433
193	450
193	481
194	254
194	264
194	273
194	310
194	339
194	341
194	361
194	402
194	415
194	428
194	460
194	464
194	490
194	494
195	233
195	256
195	267
196	201
196	402
197	263
197	280
197	313
197	423
197	479
197	491
198	218
198	234
198	346
198	350
198	384
198	415
198	432
199	259
199	296
199	408
199	450
200	210
200	253
200	285
200	312
200	346
200	414
200	418
200	443
200	445
200	489
201	401
201	506
202	225
202	271
202	277
202	352
202	374
202	386
202	422
202	435
202	470
203	209
203	264
203	294
203	297
203	343
203	361
204	235
204	381
204	400
204	413
204	414
204	442
204	452
204	483
204	488
205	278
205	295
205	301
205	308
205	348
205	459
205	503
206	219
206	228
206	300
206	320
206	431
207	246
207	285
207	291
207	337
207	346
207	371
207	387
207	390
207	414
207	452
207	485
207	493
208	210
208	251
208	304
208	442
208	478
209	283
209	374
209	395
209	413
209	496
210	251
210	301
210	348
210	411
210	445
211	218
211	243
211	277
211	278
211	318
211	333
211	365
211	394
211	399
211	415
211	427
211	487
212	240
212	245
212	337
212	338
212	348
212	446
212	506
213	265
213	276
213	279
213	288
213	314
213	321
213	329
213	335
213	351
213	364
213	394
213	399
213	421
213	431
213	461
213	462
213	504
214	223
215	328
215	381
215	404
215	405
215	409
215	433
215	456
215	465
215	482
215	486
216	235
216	268
216	302
216	373
216	417
216	484
216	502
217	237
217	242
217	259
217	294
218	232
218	339
218	350
218	355
218	364
218	370
218	379
218	434
218	443
218	468
218	469
218	476
218	505
219	300
220	248
220	270
221	266
221	277
221	299
221	323
221	338
221	356
221	366
221	383
221	416
221	434
221	504
222	227
222	260
222	333
222	360
222	403
224	228
224	291
224	320
224	433
224	450
224	500
225	289
225	295
225	328
225	346
225	370
225	423
225	490
226	279
226	345
226	417
226	424
226	456
226	462
226	467
226	504
228	242
228	259
228	261
228	290
228	296
228	408
229	257
229	317
229	364
229	412
229	438
229	441
229	506
230	241
230	261
230	274
230	313
230	324
230	336
230	396
230	440
230	482
231	282
231	283
231	357
231	469
232	316
232	319
232	335
232	364
232	365
232	375
232	406
232	412
232	435
232	455
232	477
232	486
232	488
232	494
233	267
234	235
234	281
234	317
234	446
234	463
234	466
234	467
235	244
235	265
235	268
235	331
235	351
235	361
235	405
235	425
235	454
236	262
236	269
236	359
236	406
236	407
236	428
237	275
237	294
237	310
237	340
237	407
237	421
237	468
237	474
237	483
238	249
238	278
238	292
238	401
238	407
238	417
238	466
239	311
239	453
239	473
239	491
239	504
240	241
240	304
240	336
240	388
240	393
240	421
240	495
241	261
241	298
241	315
241	330
241	337
241	352
241	390
241	414
241	415
241	447
241	457
242	259
242	347
242	408
242	437
243	246
243	299
243	369
243	384
243	392
243	448
243	482
243	485
244	250
244	331
244	336
244	341
244	358
244	369
244	379
244	380
244	385
244	391
244	416
244	422
244	456
244	459
244	465
245	388
246	252
246	258
246	310
246	334
246	363
246	384
246	386
246	421
246	443
246	448
247	290
247	291
248	262
248	269
248	284
248	286
248	303
249	337
249	388
249	398
249	466
249	497
250	300
250	307
250	357
250	414
250	423
250	451
250	460
250	469
250	500
250	501
252	372
252	377
252	436
252	439
252	442
252	443
252	445
252	483
252	502
253	275
253	299
253	329
253	368
253	406
253	440
253	494
254	262
254	264
254	355
254	360
254	451
254	464
254	489
254	496
255	313
255	320
255	326
255	367
255	398
255	425
255	500
256	267
256	400
256	482
257	312
257	316
257	402
257	420
257	445
257	468
257	478
257	495
258	287
258	300
258	366
258	408
258	450
258	469
258	500
259	279
259	437
259	496
259	500
259	504
260	333
260	413
261	273
261	304
261	326
261	381
261	425
262	269
262	286
262	307
262	382
262	426
262	492
262	498
262	504
263	313
263	406
263	433
263	482
264	272
264	291
264	303
264	343
264	359
264	386
264	496
265	274
265	289
265	308
265	313
265	315
265	336
265	346
265	362
265	368
265	416
265	456
265	462
266	275
266	298
266	317
266	323
266	360
266	403
266	419
266	446
266	455
266	505
268	376
268	497
269	284
269	325
269	400
269	498
270	327
271	299
271	395
271	432
271	454
272	321
272	372
272	376
272	403
272	438
272	495
272	497
273	289
273	297
273	387
273	437
273	461
273	481
274	288
274	368
274	398
274	403
274	432
274	440
274	469
274	486
274	487
274	493
275	323
275	364
275	400
275	406
275	407
275	431
275	432
275	436
275	451
275	455
276	287
276	340
276	398
276	417
276	430
276	440
276	453
276	457
276	464
276	470
276	507
277	314
277	376
277	396
277	502
278	341
278	385
278	410
278	459
278	464
278	474
278	480
278	493
278	503
279	288
279	314
279	315
279	335
279	345
279	395
279	421
279	431
279	432
279	443
279	471
279	504
280	307
280	400
280	449
280	491
281	363
281	365
281	371
281	374
281	446
281	455
281	479
282	283
284	325
284	337
284	369
284	390
284	464
284	483
284	489
285	298
285	310
285	329
285	339
285	348
285	351
285	353
285	387
285	418
285	455
285	472
286	303
286	325
286	339
286	426
287	336
287	340
287	366
287	462
287	479
287	482
288	331
288	345
288	346
288	352
288	433
288	465
288	485
289	334
289	346
289	387
289	406
289	407
289	412
289	431
289	435
289	465
289	486
289	507
290	450
291	307
291	339
291	355
291	465
292	293
292	296
292	470
293	344
293	357
293	375
293	452
293	455
293	468
293	493
294	310
294	356
294	395
294	423
294	435
294	490
295	354
295	383
295	385
295	400
295	434
295	468
295	471
295	472
295	490
295	503
296	322
296	377
296	389
296	395
296	450
296	500
297	319
297	322
297	334
297	343
297	374
297	387
297	388
297	431
297	440
298	301
298	323
298	378
298	390
298	397
298	424
298	505
299	385
299	401
299	429
299	502
300	320
300	389
300	404
300	425
300	481
301	348
301	503
302	331
302	352
302	365
302	366
302	466
302	497
302	502
303	359
303	369
303	413
303	426
303	498
304	382
304	388
304	390
304	393
304	399
304	442
304	452
304	458
304	478
305	306
305	340
305	352
305	354
305	365
305	405
305	411
305	413
305	430
305	470
305	476
305	498
305	506
306	368
306	424
306	446
306	476
306	478
306	494
307	339
307	483
307	500
308	312
308	375
308	380
308	392
308	409
308	440
308	461
308	468
308	471
309	357
309	375
309	380
309	392
309	444
309	452
309	482
309	488
310	314
310	334
310	348
310	372
310	378
310	421
310	448
310	465
311	336
311	357
311	380
311	422
311	449
311	464
311	465
311	488
312	341
312	368
312	411
312	418
312	420
312	445
312	507
313	328
313	338
313	379
313	406
313	415
313	422
313	443
313	464
313	486
313	487
314	344
314	349
314	367
314	383
314	448
314	480
314	491
315	370
315	405
315	441
315	499
316	319
316	402
316	404
316	416
316	420
316	441
316	455
316	482
316	492
317	346
317	361
317	384
317	412
317	430
317	440
317	475
317	506
318	366
318	429
318	454
318	487
318	490
318	494
319	358
319	399
319	476
319	487
319	488
319	494
319	506
320	389
320	461
321	322
321	342
321	394
321	428
321	429
322	352
322	374
322	394
322	434
323	324
323	360
323	395
323	409
323	417
323	455
323	475
323	481
324	336
324	339
324	392
324	405
324	420
324	422
324	442
324	475
324	486
324	493
325	337
325	369
325	452
325	498
326	396
326	425
326	447
326	491
326	492
326	500
327	491
328	398
328	410
328	482
328	486
328	487
328	501
328	504
328	507
329	342
329	391
329	428
329	437
329	441
329	479
330	344
330	356
330	362
330	369
330	392
330	396
330	457
330	462
330	465
331	352
331	369
331	412
331	434
331	463
331	487
331	490
331	507
332	344
332	371
332	414
332	448
333	334
333	346
333	378
333	403
333	424
333	426
333	433
334	341
334	361
334	370
334	393
334	399
334	421
334	451
334	458
334	501
335	345
335	415
335	431
335	432
335	433
335	456
335	471
335	485
336	357
336	358
336	366
336	415
336	460
336	465
336	475
336	478
336	488
336	507
337	359
337	369
337	387
337	400
337	414
337	455
337	466
337	493
337	498
338	349
338	352
338	355
338	429
338	439
338	440
338	471
338	472
338	487
339	386
339	488
339	506
340	356
340	385
340	410
340	421
340	430
340	462
340	470
340	499
341	348
341	368
341	391
341	402
341	411
341	422
341	429
341	458
341	464
341	492
341	493
342	374
342	405
342	428
342	436
342	495
343	389
343	393
343	412
343	425
343	472
343	495
344	347
344	383
344	407
344	427
344	448
344	471
344	487
344	504
345	381
345	395
345	405
345	417
345	432
345	464
346	356
346	364
346	379
346	415
346	432
346	445
346	471
346	507
347	359
347	369
347	386
347	407
347	413
347	460
347	481
347	483
347	486
347	494
347	507
348	418
348	445
348	465
349	384
349	401
349	480
349	483
350	358
350	391
350	438
350	447
350	459
350	504
350	506
351	362
351	474
352	355
352	358
352	362
352	392
352	410
352	418
352	441
353	419
353	453
353	473
354	411
354	434
354	446
354	460
354	495
354	503
355	410
355	441
355	469
356	368
356	392
356	422
356	423
356	435
356	449
356	499
357	375
357	414
357	423
357	431
357	462
357	488
357	501
358	369
358	380
358	391
358	423
358	459
359	451
359	470
360	378
360	382
360	390
360	403
360	419
360	424
360	475
361	381
361	382
361	464
361	479
361	481
361	493
361	499
362	375
362	436
362	439
362	454
363	365
363	376
363	383
363	384
363	434
363	461
363	480
364	368
364	409
364	432
364	441
364	451
364	467
364	476
364	490
365	431
365	438
365	483
366	372
366	374
366	396
366	398
366	429
366	443
366	444
366	469
366	481
366	496
367	409
367	425
367	433
367	460
367	481
367	491
367	500
368	392
368	398
368	411
368	415
368	441
368	481
368	504
369	375
369	379
369	446
370	386
370	393
370	429
370	441
371	384
371	400
371	416
371	456
371	471
371	479
371	493
372	439
372	446
372	467
372	469
374	396
374	410
374	461
374	463
375	392
375	394
375	409
375	436
375	455
375	460
376	418
376	438
376	490
377	389
377	408
377	411
377	437
377	449
377	450
377	464
377	500
378	382
378	403
378	475
379	417
379	435
379	445
379	464
379	476
379	487
379	488
380	386
380	406
380	457
380	459
380	463
380	465
380	481
380	488
380	494
380	495
380	501
381	405
381	423
381	434
382	388
382	413
382	419
382	424
382	447
382	452
382	481
382	505
383	384
383	416
383	462
383	480
383	493
383	504
384	402
384	419
384	427
384	448
384	480
385	386
385	459
385	503
385	506
386	411
386	434
386	444
386	452
386	504
387	414
387	452
387	453
387	470
388	398
388	400
388	408
388	442
388	452
388	455
388	472
388	494
389	411
389	425
389	472
389	500
390	397
390	424
390	442
390	452
390	483
390	489
390	499
391	402
391	422
391	423
391	455
391	461
391	477
392	423
392	446
392	455
392	460
392	492
393	431
393	458
393	472
394	435
395	405
395	429
396	420
396	436
396	455
396	464
396	504
396	506
397	403
397	419
397	421
397	452
397	505
398	440
398	447
398	451
398	453
398	456
398	466
398	485
399	409
399	444
399	486
399	487
399	492
400	411
400	457
400	483
401	417
401	443
401	448
402	404
402	423
402	440
402	461
402	462
402	495
403	495
403	496
404	463
404	474
404	482
404	485
405	411
405	428
405	436
405	456
405	502
405	507
406	411
406	464
406	482
406	488
407	422
407	430
407	447
408	409
408	437
408	450
408	466
409	429
409	481
409	485
410	461
410	463
410	488
411	420
411	455
411	470
411	489
412	423
412	430
412	438
412	480
413	478
413	489
413	498
413	499
414	449
414	499
415	428
415	457
415	465
415	471
415	486
416	434
416	435
416	440
417	443
417	484
418	458
419	475
419	489
419	499
420	422
420	440
420	478
420	492
421	427
421	430
421	433
422	439
422	467
422	471
423	446
423	460
423	462
423	468
424	448
424	475
425	441
425	472
425	479
426	498
427	457
427	470
427	480
427	490
428	439
429	446
429	461
429	467
429	472
429	492
430	436
430	449
430	461
430	465
431	448
431	451
431	504
432	471
433	483
433	485
433	486
433	490
433	504
435	444
435	461
435	495
436	439
436	440
437	450
438	447
438	489
438	492
439	469
439	479
440	444
440	487
440	495
441	468
441	476
441	478
441	506
442	457
442	475
442	478
442	489
443	480
443	502
444	451
444	452
444	455
444	461
445	446
445	468
446	480
447	461
447	479
447	499
450	479
450	500
451	489
451	503
452	483
454	460
454	466
454	490
455	482
456	457
456	467
456	472
456	493
456	494
459	463
459	501
460	472
460	475
460	479
460	494
461	479
461	490
462	471
462	479
462	490
463	503
464	476
464	481
467	469
467	495
468	486
469	474
469	476
470	487
471	481
471	505
471	506
475	496
476	484
476	506
477	487
477	488
481	485
481	504
484	502
485	486
485	490
487	507
488	506
488	507
489	498
495	496
496	507
